1.81985
0.51722
0.63067
1.62233
-0.60108
0.31048
-0.61692
0.96412
-1.015
1.02144
0.77994
0.4111
1.04428
0.59365
2.23474
-0.24813
-1.78608
-1.0184
0.91603
-2.42436
-0.35685
0.31336
0.25954
-0.58525
-1.24626
0.14892
1.24005
0.35677
-0.87376
1.17107
0.11929
0.41541
-0.09167
-2.04537
-0.87392
0.7412
2.24459
0.05271
-0.20807
1.07483
-0.51822
1.94641
-0.31341
0.47162
-2.22801
0.61718
0.00659
-0.33605
-1.03555
0.80395
-0.38746
-0.07732
-0.32736
0.00597
-1.12199
-0.84522
-0.71292
1.06705
-0.93892
-0.57718
0.10997
-0.1105
-0.56114
0.53438
-2.12702
0.04905
0.6362
-0.18835
-1.44067
-0.1732
-0.69877
-0.41774
0.45852
-0.17906
0.36888
0.08261
-1.28017
-0.33039
-0.1976
0.53944
-1.00773
1.4816
-0.62562
-0.38148
-0.2467
-0.35341
-0.79921
1.82592
2.21627
-0.21447
1.75175
-0.04542
-0.26266
1.93817
1.04935
-0.03113
1.24057
-0.78499
1.81455
0.5443
1.19321
-1.21396
0.84801
-2.23837
1.95098
-0.40459
1.30943
-0.71599
0.40126
-0.07401
-0.85887
0.5867
-0.36442
-0.2616
-1.3775
-0.08926
0.47351
-0.63603
2.10602
-0.77908
-0.70783
0.12989
1.18462
0.10542
1.97199
-0.00238
0.71174
-0.37968
-1.26896
-1.58416
-0.78314
-1.25603
0.0434
0.26661
-0.86579
-0.84342
2.27246
-1.68123
-0.08171
0.45243
-0.03384
-0.92092
-0.88214
-1.10734
-0.38043
-0.82385
0.10178
-1.19064
0.05187
-0.41983
-0.20005
1.25988
0.37411
0.30125
-0.60778
0.9448
-0.32739
0.29256
0.22047
-0.234
0.82452
-0.44706
-1.48285
-0.50503
-0.78308
-0.39243
-1.39932
-1.6132
-0.6716
-1.29461
-1.25786
-0.94289
-0.16562
-1.29588
-1.19467
0.90473
-0.87785
-0.25113
-0.15544
-0.39014
-1.15118
-0.60851
-0.45389
-2.03384
-0.51732
-1.22366
-0.1377
0.04801
-0.82854
1.41424
1.45802
-1.51412
1.05841
0.20299
-0.55734
1.60429
-1.08299
0.71587
1.07189
-0.09921
0.06873
-0.6814
0.07703
1.12648
-0.27643
-1.07092
0.57508
0.53014
-0.14106
0.06588
-1.12197
-0.12182
-0.07838
-0.2636
-0.15307
0.07995
0.79918
-0.05561
0.41183
0.18784
0.6902
1.75639
1.92383
2.73284
-1.30666
-0.90917
-0.34257
-0.14342
-1.20669
0.23079
0.20134
-1.13577
0.88386
-0.6111
0.005
-0.87446
-2.56604
1.28341
-0.00137
0.29111
-1.09797
1.66698
-0.71121
-1.0783
-0.71132
0.18719
0.32054
0.3764
0.37429
-0.29362
-2.16132
-0.95772
0.05642
0.65429
-0.81928
-1.82212
-1.40086
0.61198
-0.71712
0.1328
0.08732
-1.10176
0.24976
-1.28811
-0.46429
0.6665
0.56115
0.08817
-0.90171
0.28931
-0.11269
-1.05925
-0.28205
1.26783
0.20775
-0.13228
0.72604
-0.53433
-0.48633
0.89194
0.59703
1.09019
1.06182
0.58753
-0.17534
2.39879
-0.02312
0.099
-1.17797
-0.45761
-1.2896
-1.31029
2.06643
0.99524
-0.96314
-0.9631
-0.9302
0.05769
0.16288
1.18108
-0.93219
1.40755
-0.72335
0.96713
0.12931
-0.60906
0.38394
-1.18499
0.54235
0.95664
0.75539
-1.60391
-0.95965
0.07079
-0.24301
-1.34273
-0.0321
1.28311
1.00285
0.16381
-0.10395
-1.73366
-0.38227
0.3252
-0.51707
0.41153
0.1322
1.30448
0.62139
-0.39661
-0.25529
0.4897
-0.31608
1.68443
-1.22534
1.24151
-0.35622
0.49723
-0.26195
-0.56315
0.42098
-0.26795
-0.28278
-0.07315
-0.13641
-0.1607
-0.79909
-0.39051
-1.30077
0.02399
-0.44218
-0.37851
-0.00272
1.11082
0.55329
0.93759
1.26699
-0.80876
-0.79631
0.67651
-0.35965
0.69511
-0.44384
0.28488
2.66036
0.60604
-0.66776
-0.35814
1.96548
-0.15969
-0.3277
1.06868
-0.12177
-0.42306
0.59173
0.14348
0.45584
0.54014
1.3843
0.29806
0.01388
-0.08045
-1.34311
-0.83592
0.5477
-0.26788
-0.76596
0.27869
0.82726
0.38489
0.83907
0.39837
-0.79876
1.23221
1.26577
1.3626
0.5852
-0.96988
-0.44168
-0.20411
-1.12045
-1.11114
-0.02957
-0.92171
-1.21719
-0.42651
0.5158
-0.54643
-1.78364
0.77995
1.32489
-0.27917
-0.29911
-1.27098
-0.23016
-0.83205
-1.57693
-0.34884
-0.46756
-0.07695
-1.36066
2.13613
-0.41658
0.29529
-0.0588
-0.63261
0.60097
1.1123
-1.14227
-0.51421
0.4807
-0.43099
0.27698
1.31765
-1.15297
-0.51254
-0.4682
-0.97076
0.35255
-1.44983
-1.10119
1.39307
-1.04636
1.89281
-0.11431
1.92723
-0.54037
0.15462
0.1912
1.7909
0.35548
1.09127
-1.82265
1.81755
0.78773
0.39464
0.94062
2.32434
1.9076
0.20075
2.36122
-0.25822
1.06063
1.15256
1.68495
0.36298
-0.51835
1.86348
-1.67668
0.10403
0.57768
-0.38117
-0.01049
0.59515
-1.04902
0.22323
-0.89635
-0.01651
-0.04878
0.82533
0.30208
3.24177
0.08542
0.4769
-1.03857
1.70065
-0.70043
-0.26291
0.07746
-0.75332
1.31768
0.73349
-2.07293
0.74575
-0.66392
-0.85727
0.61486
0.86993
0.96654
1.83981
1.87675
1.48053
0.23258
-0.49392
-0.08927
2.72293
-0.73463
-0.95032
0.94344
-0.50956
1.27792
-0.20007
-1.11909
1.36215
1.26312
0.87463
0.27682
-0.52772
-1.46769
2.23361
0.443
-1.04571
0.93495
0.46007
-0.90139
0.43094
1.08229
-0.98163
-0.30738
1.34768
0.33153
0.18998
0.63732
1.73415
0.17962
0.41219
-1.21707
-1.14751
1.73413
1.61251
1.70205
0.0252
1.33087
-0.05531
0.29201
2.23232
-0.96842
-0.96785
1.21664
0.56573
0.21136
1.18235
-1.22036
0.05609
-0.39826
-0.90467
-0.69979
-1.09116
0.20448
0.85446
1.28695
-1.34481
-0.93537
0.43431
0.70942
0.93328
0.18393
-0.08996
-0.25461
-0.5635
0.05149
0.28665
0.07362
-0.37062
0.3106
1.19389
-0.13994
-0.35903
-0.47084
-0.3662
1.07628
-0.51104
-0.48752
0.23077
-1.40607
-0.43285
0.29804
-0.68446
-0.61008
-1.51685
-2.24626
-0.15635
-0.19034
-0.94622
0.0261
-1.82277
-1.6414
-0.56357
-1.69117
-1.25888
-1.15613
-1.86104
0.04385
-0.73225
-0.42844
1.14009
0.1721
-1.39206
-0.74656
-0.71141
-1.40385
0.221
-1.62801
-0.08533
0.58535
1.01505
-2.49385
1.42362
-0.54084
0.95037
-0.99181
-0.04908
-1.94301
-0.93708
0.28159
1.32249
0.24243
-0.33592
2.17676
0.41452
1.49935
1.40003
0.15311
0.76552
1.4965
0.15422
0.66429
1.96445
-0.81725
-0.25332
1.39029
0.17399
-0.56424
-0.50599
0.50413
2.00284
-0.46552
-0.24785
1.50665
-0.63623
0.09689
-0.45128
-0.12077
0.53145
0.30137
-0.85713
2.23949
2.12757
-0.03328
-0.02417
-1.29137
0.11502
-0.65303
-1.8906
0.12566
-0.03271
-0.38321
0.01963
0.54641
-0.62929
0.37466
0.27783
-0.23415
-0.4146
0.05617
-2.17055
0.97646
0.5303
-0.80301
0.23135
-2.18964
-1.7379
0.79347
-0.25045
0.06596
1.71017
-0.63075
2.86234
-1.15881
-1.57489
0.05071
-3.03563
0.21792
0.72129
-0.88633
-2.0639
-0.26068
